      0.100000000000       0.124714686786
      0.124714686786       0.155537531001
      0.155537531001       0.193978144622
      0.193978144622       0.241919235499
      0.241919235499       0.301708816827
      0.301708816827       0.376275205912
      0.376275205912       0.469270444505
      0.469270444505       0.585249165044
      0.585249165044       0.729891663101
      0.729891663101       0.910282101513
      0.910282101513       1.135255471770
      1.135255471770       1.415830305837
      1.415830305837       1.765748331345
      1.765748331345       2.202147500864
      2.202147500864       2.746401358265
      2.746401358265       3.425165851844
      3.425165851844       4.271684864024
      4.271684864024       5.327418398648
      5.327418398648       6.644073169647
      6.644073169647       8.286135043350
      8.286135043350      10.334027365969
     10.334027365969      12.888049861836
     12.888049861836      16.073291017997
     16.073291017997      20.045754549279
     20.045754549279      25.000000000000
