1.675360e-01	2.387550e-01	2.032278e-01	        2112	0.000000e+00
2.387550e-01	3.402510e-01	2.916571e-01	        3194	0.000000e+00
3.402510e-01	4.848920e-01	4.143761e-01	        4944	0.000000e+00
4.848920e-01	6.910210e-01	5.877710e-01	        7544	0.000000e+00
6.910210e-01	9.847770e-01	8.394165e-01	       11544	0.000000e+00
9.847770e-01	1.403410e+00	1.193814e+00	       16086	0.000000e+00
1.403410e+00	2.000000e+00	1.707196e+00	       22966	0.000000e+00
2.000000e+00	2.850200e+00	2.441156e+00	       37736	0.000000e+00
2.850200e+00	4.061840e+00	3.488525e+00	       69686	0.000000e+00
4.061840e+00	5.788530e+00	4.983276e+00	      148514	0.000000e+00
5.788530e+00	8.249250e+00	7.116407e+00	      332836	0.000000e+00
8.249250e+00	1.175600e+01	1.016096e+01	      796364	0.000000e+00
1.175600e+01	1.675360e+01	1.448653e+01	     1988390	0.000000e+00
1.675360e+01	2.387550e+01	2.066726e+01	     5117704	0.000000e+00
