1.675360e-01	2.387550e-01	2.028561e-01	          26	0.000000e+00
2.387550e-01	3.402510e-01	2.927125e-01	          44	0.000000e+00
3.402510e-01	4.848920e-01	4.173564e-01	          48	0.000000e+00
4.848920e-01	6.910210e-01	5.787599e-01	          66	0.000000e+00
6.910210e-01	9.847770e-01	8.398649e-01	          98	0.000000e+00
9.847770e-01	1.403410e+00	1.196893e+00	         146	0.000000e+00
1.403410e+00	2.000000e+00	1.695483e+00	         246	0.000000e+00
2.000000e+00	2.850200e+00	2.418844e+00	         378	0.000000e+00
2.850200e+00	4.061840e+00	3.514248e+00	         754	0.000000e+00
4.061840e+00	5.788530e+00	5.013890e+00	        1446	0.000000e+00
5.788530e+00	8.249250e+00	7.120790e+00	        3426	0.000000e+00
8.249250e+00	1.175600e+01	1.013991e+01	        8056	0.000000e+00
1.175600e+01	1.675360e+01	1.450481e+01	       20588	0.000000e+00
1.675360e+01	2.387550e+01	2.068779e+01	       55322	0.000000e+00
